0.007;0.042;0.986;0.671;0.000;-0.061;-16.626;-48.157;-33.154
0.006;0.040;0.985;0.671;-0.061;0.061;-17.175;-47.852;-33.740
0.005;0.041;0.985;0.488;-0.244;-0.061;-16.516;-48.462;-35.217
0.005;0.039;0.986;0.549;-0.244;-0.061;-16.687;-48.474;-33.972
0.007;0.041;0.986;0.610;0.000;0.061;-16.443;-48.315;-34.229
0.008;0.041;0.985;0.610;-0.061;0.122;-16.431;-48.254;-33.643
0.005;0.039;0.985;0.671;-0.244;0.061;-16.626;-48.511;-33.557
0.006;0.040;0.986;0.488;-0.122;0.000;-16.724;-48.425;-34.583
0.005;0.040;0.986;0.732;-0.122;0.061;-17.126;-48.645;-34.619
0.006;0.040;0.986;0.488;-0.122;0.061;-16.492;-48.267;-34.155
0.006;0.040;0.985;0.488;-0.122;0.061;-16.699;-48.535;-34.766
0.006;0.040;0.985;0.671;-0.244;0.122;-16.406;-48.682;-34.045
0.006;0.041;0.985;0.610;-0.061;0.061;-15.930;-48.218;-33.496
0.006;0.040;0.985;0.549;-0.244;0.122;-16.187;-48.743;-33.716
0.005;0.040;0.985;0.427;-0.183;0.122;-16.467;-48.853;-32.715
0.005;0.041;0.985;0.488;-0.061;0.000;-16.394;-47.742;-33.765
0.006;0.039;0.985;0.610;-0.122;0.000;-16.296;-48.218;-32.935
0.006;0.040;0.986;0.610;0.000;0.061;-16.577;-48.535;-32.703
0.007;0.039;0.985;0.610;0.061;0.061;-16.797;-48.364;-33.606
0.007;0.040;0.985;0.549;0.000;-0.122;-16.663;-48.474;-32.922
0.007;0.041;0.986;0.549;-0.061;0.000;-16.760;-48.608;-33.911
0.005;0.040;0.986;0.549;-0.244;0.122;-16.675;-48.645;-33.496
0.005;0.040;0.986;0.610;0.000;0.000;-16.907;-48.584;-32.605
0.005;0.040;0.985;0.366;-0.122;0.061;-16.785;-48.206;-33.301
0.005;0.041;0.986;0.549;-0.061;-0.061;-16.650;-48.486;-33.716
0.005;0.040;0.985;0.671;0.061;0.122;-16.235;-48.779;-34.155
0.005;0.040;0.986;0.549;-0.061;0.122;-16.626;-47.961;-33.472
0.005;0.040;0.985;0.488;-0.061;-0.061;-16.870;-48.669;-34.460
0.006;0.040;0.985;0.610;-0.244;-0.061;-16.711;-48.157;-33.850
0.007;0.040;0.985;0.488;-0.183;0.000;-16.382;-48.706;-33.411
0.006;0.041;0.985;0.671;-0.183;0.000;-17.456;-48.071;-34.253
0.011;0.042;0.986;0.427;0.000;0.000;-17.175;-48.071;-33.081
0.007;0.043;0.988;0.366;0.000;0.122;-16.650;-48.120;-33.020
0.007;0.042;0.986;0.549;-0.122;0.000;-16.907;-48.401;-33.594
0.007;0.041;0.984;0.549;-0.122;0.061;-16.968;-48.315;-33.545
0.007;0.041;0.986;0.549;-0.061;-0.122;-16.638;-48.218;-33.948
0.020;0.055;1.049;1.892;-2.380;0.183;-16.821;-48.804;-33.215
0.000;0.042;0.980;-0.732;0.610;1.099;-16.296;-47.424;-34.119
0.001;0.080;0.969;-13.489;-0.122;0.061;-16.492;-46.448;-31.653
0.001;0.142;0.961;-23.621;-0.977;0.366;-17.603;-47.473;-29.199
-0.001;0.210;0.957;-12.207;0.122;0.183;-17.920;-48.071;-26.831
0.000;0.277;0.944;-13.123;0.061;0.061;-17.981;-48.511;-23.975
-0.001;0.329;0.915;-13.489;-0.671;0.061;-19.299;-49.146;-22.571
0.000;0.391;0.901;-16.785;-0.610;0.000;-20.105;-50.024;-21.167
0.000;0.474;0.866;-21.423;-0.122;-0.061;-21.643;-50.952;-18.860
0.000;0.529;0.817;-10.803;0.183;-0.305;-22.192;-51.978;-15.930
0.000;0.580;0.793;-24.963;0.671;0.122;-22.827;-52.942;-12.610
0.004;0.655;0.738;-16.846;0.549;0.183;-24.487;-54.529;-8.606
0.000;0.638;0.701;67.322;-2.258;-0.183;-23.706;-54.883;-10.400
0.000;0.489;0.879;35.461;0.305;0.305;-22.205;-51.709;-15.869
-0.002;0.396;0.868;26.489;-0.854;-0.061;-20.007;-49.683;-20.325
-0.001;0.278;0.951;27.466;-0.488;0.183;-18.884;-48.291;-24.194
-0.001;0.199;0.960;19.409;-0.122;-0.244;-17.859;-47.290;-27.209
0.000;0.129;0.965;-0.671;-0.244;-0.305;-17.407;-46.729;-29.016
0.005;0.078;0.982;28.503;0.671;2.319;-17.102;-46.704;-31.409
-0.002;0.028;0.997;3.723;-1.831;0.000;-15.381;-45.166;-32.495
-0.022;0.015;0.996;10.620;-3.479;-0.427;-15.662;-42.871;-34.326
-0.006;-0.199;0.941;42.908;3.479;2.014;-12.146;-26.477;-39.050
0.000;-0.302;0.957;33.508;1.587;0.610;-9.583;-16.040;-41.138
0.010;-0.452;0.883;33.081;0.549;2.563;-8.276;-6.995;-39.014
0.019;-0.557;0.820;32.410;0.977;1.892;-6.628;0.549;-37.305
0.021;-0.681;0.723;34.302;0.977;0.977;-5.920;8.850;-34.973
0.033;-0.766;0.635;23.437;0.854;0.488;-5.151;12.000;-32.288
0.028;-0.791;0.581;-45.471;2.502;-3.174;-5.090;13.721;-31.555
0.026;-0.429;0.891;-109.863;7.507;-4.883;-6.567;-1.270;-37.805
0.107;-0.130;0.972;-34.729;29.785;11.841;-7.202;-27.100;-33.826
0.236;-0.044;0.981;-10.376;42.175;5.981;-4.675;-27.783;-25.659
0.360;-0.008;0.926;-12.329;30.579;2.380;-3.418;-18.872;-22.388
0.482;0.036;0.892;-9.216;27.832;1.404;-2.161;-11.047;-18.909
0.552;0.055;0.817;-7.446;29.297;2.075;-1.331;-6.091;-17.615
0.637;0.092;0.743;1.953;25.208;-1.160;-0.574;-1.721;-17.371
0.721;0.073;0.676;0.793;20.325;-2.808;-0.122;2.307;-16.687
0.765;0.018;0.603;2.075;15.625;-1.831;0.647;5.212;-15.637
0.785;0.046;0.559;-3.479;13.916;-1.404;0.830;6.897;-14.807
0.807;0.016;0.521;0.549;-1.282;-2.075;1.294;6.433;-13.269
0.836;0.026;0.575;6.042;-10.925;2.686;0.952;5.908;-13.440
0.739;0.031;0.573;6.653;-25.757;-0.061;0.647;4.724;-15.955
0.650;0.018;0.756;11.169;-44.800;-1.099;0.281;0.159;-16.284
0.500;0.028;0.866;10.376;-44.556;0.061;-1.318;-5.920;-18.958
0.354;0.036;0.902;4.578;-42.908;-4.700;-2.515;-14.001;-16.589
0.138;0.065;0.972;-19.348;-61.035;-7.568;-2.100;-17.993;-13.586
0.138;0.087;1.056;46.570;-1.465;-1.587;-1.794;-17.529;-16.174
-0.026;-0.021;1.028;-20.752;-27.588;-10.864;-3.809;-8.325;-16.858
-0.100;-0.141;1.013;-7.324;-45.898;-2.014;-14.954;2.966;-17.163
-0.241;0.032;0.969;-10.315;-46.387;-7.629;-22.156;9.143;-15.967
-0.434;0.069;0.899;0.366;-42.847;-6.653;-26.819;14.417;-14.001
-0.598;0.156;0.664;-1.465;-33.691;-3.235;-30.212;16.382;-9.937
-0.658;-0.001;0.626;-9.094;7.019;-14.709;-30.542;17.151;-8.594
-0.529;0.050;0.877;10.620;41.504;0.244;-28.088;14.307;-12.451
-0.366;0.101;0.879;7.996;40.405;-7.324;-23.340;10.754;-15.295
-0.265;0.119;0.950;0.977;33.630;1.648;-17.407;2.722;-20.105
-0.149;0.090;1.102;18.494;32.837;10.620;-8.862;-9.387;-22.681
-0.036;0.051;1.061;10.193;23.132;-0.916;-6.836;-14.941;-24.194
0.014;-0.071;1.009;-3.540;9.033;8.911;-7.397;-24.133;-29.883
0.038;-0.048;0.870;-9.094;-0.244;5.493;-8.679;-38.831;-31.445
-0.036;-0.047;0.682;5.127;-0.122;1.587;-13.171;-40.735;-32.275
-0.001;0.051;0.949;1.282;0.427;-0.183;-14.795;-41.785;-30.261
0.006;0.051;0.985;0.427;-0.183;0.122;-14.624;-41.711;-29.163
0.004;0.050;0.985;0.366;-0.244;-0.061;-15.027;-42.004;-29.614
0.005;0.052;0.984;0.793;-0.183;0.000;-14.270;-41.748;-28.467
0.005;0.048;0.984;0.610;-0.122;-0.122;-14.758;-41.980;-28.992
0.006;0.051;0.985;0.610;-0.244;-0.122;-14.539;-41.296;-29.724
0.004;0.048;0.985;0.488;0.000;-0.061;-14.355;-41.638;-28.894
0.006;0.048;0.983;0.671;-0.183;0.000;-14.539;-41.833;-28.418
0.004;0.051;0.985;0.610;-0.122;0.061;-14.319;-41.162;-28.601
0.007;0.052;0.985;0.610;-0.244;0.183;-15.100;-41.345;-28.235
0.006;0.051;0.985;0.488;-0.061;-0.061;-14.905;-41.406;-29.590
0.005;0.050;0.985;0.427;-0.183;-0.122;-14.697;-41.370;-28.638
0.006;0.051;0.985;0.549;-0.244;0.000;-14.807;-41.736;-29.199
